Density mack.lat mack.long mack.depth Temperature Salinity
5.43 48.25 5.75 124 18.63 120
3.2 48.25 6.25 140 20.98 136
6.04 48.23 6.8 160 23.25 155
7.79 48.25 7.27 173 1.47 166
0.82 48.25 7.78 184 3.73 180
14.98 48.27 8.23 206 6.62 195
55.53 48.23 8.75 192 6.65 195
62.85 48.25 9.25 256 9.18 199
52.25 48.23 9.75 875 11.53 200
69.2 48.25 10.27 3000 13.85 201
47.45 48.25 10.77 2700 16.78 200
21.52 48.25 11.25 4000 19.03 200
30.86 48.23 11.73 2800 21.45 200
75.5 48.73 12.73 1600 2.72 200
29.17 48.73 12.25 1300 5.05 200
36.69 48.73 11.87 1400 7 200
151.14 48.75 11.62 2600 8.42 200
172.63 48.75 11.37 1600 9.83 200
107.87 48.73 11.12 1000 11.18 200
178.81 48.75 10.87 1100 12.6 200
133.62 48.73 10.62 1400 14.2 200
116.25 48.73 10.37 162 16.77 162
123.28 48.75 10.07 425 20.3 200
213.32 48.75 9.85 193 21.77 188
144.01 48.75 9.6 176 23.07 172
58.24 48.75 9.37 175 0.4 171
14.81 48.75 9.13 165 1.72 157
1.85 48.73 8.87 170 3.02 168
5.6 48.73 8.63 146 4.38 135
6.85 48.75 8.23 153 6.15 158
5.22 48.75 7.75 158 8.63 153
19.53 48.75 7.23 153 10.85 144
10.37 48.75 6.77 145 12.98 74
2.74 48.75 6.27 137 14.87 70
2.46 49.25 6.73 126 18.32 60
7.17 49.25 7.22 135 20.13 61
12.26 49.25 7.72 138 21.97 60
12.21 49.25 8.25 127 0 125
13.87 49.25 8.63 152 1.82 146
3.99 49.25 8.88 154 3.27 149
1.12 49.25 9.12 151 4.57 145
9.8 49.25 9.38 153 5.87 147
6.61 49.23 9.65 154 7.18 150
8.1 49.25 9.88 132 8.53 122
82.04 49.25 10.15 162 9.77 157
254.57 49.25 10.37 136 11.02 128
133.75 49.25 10.63 163 12.32 156
35.34 49.23 10.88 177 13.7 169
79.52 49.25 11.08 187 14.88 181
124.71 49.23 11.37 350 16.87 200
351.88 49.25 11.73 830 17.5 200
82.05 49.25 12.25 1100 20.42 200
123.08 49.25 12.75 1200 22.78 200
53.92 49.73 12.73 2200 2.72 200
56.16 49.73 12.25 1200 4.87 200
275.73 49.75 11.75 780 7 200
204.49 49.73 11.33 450 8.88 200
50.83 49.73 11.1 320 10.35 200
25.37 49.75 10.83 175 11.75 167
230.82 49.75 10.6 147 13.15 143
10.97 49.75 10.35 143 14.43 139
36.55 49.75 10.08 141 15.73 141
36.63 49.73 9.85 131 17.03 128
43.18 49.73 9.62 158 18.22 152
83.48 49.73 9.33 118 20.88 112
4.25 49.75 9.12 142 23.3 140
5.32 49.75 8.85 126 1.03 136
4.02 49.75 8.6 136 2.55 140
2.42 49.73 7.72 133 6.9 131
4.94 50.25 7.73 103 11.15 97
31.02 50.25 8.73 126 16.92 132
51.51 50.25 9.23 140 20 135
50.61 50.25 9.75 126 22.93 118
15.27 50.23 10.1 137 1.1 132
9.25 50.23 10.37 147 3.33 142
8.93 50.23 10.62 164 5.3 162
5.59 50.23 10.87 208 7.22 201
176.86 50.23 11.13 550 9.23 200
326.13 50.23 11.38 1100 11.45 200
253.29 50.25 11.73 1600 13.88 200
122.37 50.25 12.25 2300 16.82 200
191.62 50.23 12.75 2400 19.48 200
46.51 50.75 12.75 2300 0.37 200
89.16 50.73 12.25 2100 2.82 200
99.45 50.75 11.87 2000 4.72 200
131.17 50.73 11.6 1800 6.1 200
202.89 50.75 11.37 1300 7.5 200
62.67 50.73 11.12 330 8.92 200
32.44 50.73 10.85 181 10.67 175
24.85 50.73 10.55 166 12.08 160
10.65 50.75 10.23 140 14.53 133
1.19 50.75 9.72 123 16.8 118
20.62 50.73 9.23 130 18.55 124
18.96 50.73 8.73 105 20.47 96
0.85 51.25 8.25 101 1.9 96
1.88 51.23 8.75 105 3.75 99
0.8 51.25 9.25 110 5.7 107
1.75 51.25 9.75 108 7.73 102
5.58 51.23 10.25 136 9.72 130
11.41 51.23 10.63 165 11.37 160
17.91 51.25 10.88 178 4.55 172
58.98 51.23 11.3 211 6.35 200
128.27 51.23 11.65 610 8.05 200
306.81 51.25 11.88 1100 9.35 200
150.92 51.25 12.12 1200 10.72 200
137.45 51.25 12.38 1300 12.17 200
214.4 51.23 12.75 1500 13.88 200
13.29 51.75 14.73 470 15.07 200
22.19 51.73 14.35 375 19.52 200
29.5 51.73 14.08 380 20.92 200
59.55 51.75 13.85 450 22.32 200
82.04 51.73 13.62 590 23.63 200
43.92 51.73 13.37 790 1.03 200
226.99 51.73 13.12 1000 2.45 200
288.36 51.73 12.88 1200 3.87 200
301.44 51.75 12.62 1300 5.27 201
132.6 51.75 12.38 1300 6.63 200
202.84 51.73 12.12 1000 8.03 200
143.54 51.75 11.88 710 9.45 200
76.81 51.73 11.62 350 10.88 200
49.1 51.73 11.35 210 12.4 200
16.32 51.75 11.1 183 13.85 178
31.82 51.75 10.73 133 15.77 135
0.56 51.23 8.23 101 5.23 95
2.67 51.25 9.73 102 13.1 95
18 51.25 10.23 133 16.03 125
19.51 51.25 10.72 171 18.63 166
8.45 51.23 11.22 203 21.63 183
219.77 51.25 11.72 1161 0.33 183
601.78 51.25 12.18 1645 3.17 183
140.85 51.23 12.7 1885 5.75 183
151.25 51.73 14.7 481 13.92 183
156.6 51.75 14.28 377 17.13 183
96 51.73 13.78 509 19.6 183
348.08 51.73 13.28 912 22.42 183
164.13 51.73 12.78 1085 0.9 183
281.81 51.75 12.28 996 3.52 183
164.93 51.73 11.77 523 5.8 183
13.6 51.73 11.28 195 8.57 183
10.38 51.75 10.78 138 11.6 138
0.79 51.75 10.3 68 14.15 58
2.28 52.23 10.7 117 17.78 93
1.63 52.25 11.2 139 19.98 129
36.56 52.23 11.7 306 22.33 183
165.28 52.25 12.23 749 1.12 183
93.67 52.25 12.72 689 3.27 183
173.42 52.25 13.2 572 5.68 183
79.42 52.23 13.7 387 8.05 183
35.91 52.23 14.2 334 10.77 183
131.4 52.25 14.68 436 12.93 183
365.88 52.73 14.78 559 16.88 183
20.7 52.75 14.28 332 19.28 183
203.39 52.75 13.78 234 21.65 183
75.11 52.73 13.28 347 23.97 183
109.68 52.73 12.8 487 2.6 183
52.99 52.75 12.28 337 5.13 183
0.9 52.75 11.78 168 7.52 165
2.92 52.73 11.27 130 9.85 130
0.97 53.22 11.25 143 13.35 129
3.66 53.25 11.68 182 15.88 165
8.33 53.23 12.2 308 18.38 183
29.2 53.25 12.7 338 20.82 183
51.55 53.23 13.2 236 23.1 183
51.48 53.23 13.68 171 1.42 166
38.12 53.25 14.2 208 3.83 183
104 53.25 14.7 949 6.33 183
179.54 53.72 14.75 1500 10.18 183
28.9 53.75 14.28 1358 12.73 183
74.9 53.75 13.8 418 15.13 183
42.12 53.75 13.28 303 17.53 183
42.11 53.73 12.77 283 20.25 183
26.43 53.73 12.28 333 22.43 183
22.55 53.73 11.77 295 0.67 183
9.97 53.75 11.3 205 3.08 183
18.89 53.75 10.78 148 5.45 139
0.89 53.2 10.72 119 13.83 118
1.9 52.73 10.27 100 19.25 93
84.06 54.25 10.72 214 19.82 183
155.83 54.25 11.2 340 22.15 183
69.66 54.25 11.73 1172 0.65 183
82.33 54.23 12.2 2030 2.97 183
21.88 54.23 12.7 2200 5.38 183
12.69 54.73 12.27 2000 9.47 183
10.5 54.75 11.78 2873 12.08 183
11.41 54.75 11.3 2900 14.48 183
211.63 54.75 10.78 1750 16.88 183
49.99 54.75 10.28 120 19.25 118
21.52 54.73 9.73 100 22 88
0.6 55.23 8.7 93 6.45 80
6.91 55.25 9.22 109 8.57 102
20.4 55.25 9.72 128 10.73 80
31.47 55.23 10.18 1291 12.75 183
13.62 55.23 10.65 2480 14.83 183
35.12 55.73 10.27 2300 19.07 183
33.96 55.75 9.78 1785 21.25 183
22.53 55.73 9.27 140 23.48 128
6.1 55.73 8.77 106 1.73 101
2.1 55.73 8.28 104 3.9 93
0.92 56.25 8.23 167 7.17 155
2.27 56.23 8.72 131 9.32 120
32.23 56.25 9.2 711 11.38 183
92.77 56.23 9.68 1595 13.98 183
18.57 56.75 9.77 1795 17.53 183
188.9 56.75 9.28 1260 19.58 183
9.12 56.73 8.78 117 21.75 101
3.97 57.23 8.73 134 1.13 129
41.55 57.23 9.18 174 3.12 146
63.62 57.25 9.7 1940 5.2 183
55.3 57.75 9.77 1088 8.88 95
2.61 57.75 9.27 144 10.95 133
5.25 57.75 8.78 146 13.2 133
2.02 57.73 8.28 111 15.98 110
0.66 56.77 8.25 132 22.37 120
0.52 48.25 5.75 120 13.08 50
13.69 48.25 6.23 139 15.52 50
9.24 48.25 6.75 155 18.23 50
2.21 48.25 7.25 172 20.8 65
9.17 48.25 7.75 177 23.25 60
14.62 48.25 7.8 178 23.57 65
15.66 48.25 8.25 205 1.55 60
93.56 48.25 8.75 200 3.98 173
77.66 48.25 8.8 190 5.12 180
59.52 48.25 9.23 560 8.8 200
57.72 48.25 9.25 520 9.22 200
118.79 48.25 9.75 775 11.7 150
62.8 48.25 9.77 906 12.13 150
176.81 48.25 10.23 2000 14.58 207
133.23 48.25 10.23 2000 15.07 205
254.14 48.25 10.73 1800 17.57 205
227.16 48.25 10.75 1900 18 200
237.37 48.25 11.25 3600 20.35 200
75.04 48.25 11.73 3000 10.78 150
20.15 47.75 10.77 2000 3.83 206
27.89 47.75 10.25 2000 5.22 200
14.64 47.75 9.75 4450 8.53 200
20.43 47.75 9.23 3500 11.5 110
95.08 47.75 8.73 2500 13.77 200
126.78 47.75 8.27 1560 15.92 200
189.65 47.75 8.23 1350 16.47 210
154.51 47.75 7.77 900 18.53 200
116.22 47.75 7.75 770 18.97 200
23.52 47.75 7.25 176 21.3 150
42.18 47.75 6.75 167 23.88 118
3.08 47.75 6.27 152 2.33 57
6.39 47.75 5.75 134 4.37 59
2.1 47.75 4.75 100 8.45 75
8.51 47.25 4.73 122 11.37 72
11.18 47.25 6.23 1314 18.2 120
26.19 47.25 6.28 1115 18.75 120
126.44 47.25 6.75 2300 21.23 200
67.27 47.25 7.25 2500 0.53 200
59.44 47.25 7.32 2500 1.33 200
31.42 47.25 7.73 3000 3.67 203
16.47 47.25 8.25 3000 6.83 200
6.96 47.25 9.25 3000 14.07 231
4.44 47.25 9.73 3000 16.52 210
1.54 47.25 10.23 3000 19.23 212
12.15 46.75 8.25 4000 3.45 221
0.95 46.75 7.75 4000 5.87 204
21.64 46.75 7.23 4000 8.6 200
33.61 46.75 6.73 2000 11.22 230
17.88 46.75 6.25 2000 13.73 205
5.02 46.75 6.18 2000 14.5 205
31.37 46.75 5.78 2000 16.68 200
49.77 46.75 5.73 2000 17.42 210
79.99 46.75 5.22 1000 19.93 200
31.65 46.75 5.12 800 21.02 195
5.77 46.75 4.77 163 23.23 140
4.05 46.75 4.72 158 23.97 140
4.85 46.75 4.3 138 2.37 64
5.01 46.75 4.27 142 2.73 57
3.44 46.75 3.78 128 4.95 75
4.1 46.75 3.75 124 5.38 71
2.04 46.25 3.25 123 22.13 100
0.98 46.25 3.72 133 0.97 100
23.09 46.25 4.22 205 4.35 157
20.71 46.25 4.28 237 5.13 155
5.03 47.23 4.25 114 22.15 80
2.34 47.25 3.72 100 0.53 80
